<?xml version="1.0"?>
<opencv_storage>
<cameraProjectionMatrix2 type_id="opencv-matrix">
  <rows>3</rows>
  <cols>4</cols>
  <dt>d</dt>
  <data>
    7.6835073179382027e+02 0. 3.9628742599487305e+02
    -3.2488187458345460e+03 0. 7.6835073179382027e+02
    2.8065133285522461e+02 0. 0. 0. 1. 0.</data></cameraProjectionMatrix2>
</opencv_storage>
