<?xml version="1.0"?>
<opencv_storage>
<cameraProjectionMatrix1 type_id="opencv-matrix">
  <rows>3</rows>
  <cols>4</cols>
  <dt>d</dt>
  <data>
    7.6835073179382027e+02 0. 4.0827256774902344e+02 0. 0.
    7.6835073179382027e+02 2.8065133285522461e+02 0. 0. 0. 1. 0.</data></cameraProjectionMatrix1>
</opencv_storage>
