<?xml version="1.0"?>
<opencv_storage>
<distortion_coeffs_left type_id="opencv-matrix">
  <rows>1</rows>
  <cols>5</cols>
  <dt>d</dt>
  <data>
    1.2735380018944042e-01 -8.3181270235363014e-01 0. 0.
    2.0742814485796548e+00</data></distortion_coeffs_left>
</opencv_storage>
