<?xml version="1.0"?>
<opencv_storage>
<QMatrix type_id="opencv-matrix">
  <rows>4</rows>
  <cols>4</cols>
  <dt>d</dt>
  <data>
    1. 0. 0. -4.0827256774902344e+02 0. 1. 0. -2.8065133285522461e+02 0.
    0. 0. 7.6835073179382027e+02 0. 0. 2.3650156931006283e-01
    -2.8345048332601266e+00</data></QMatrix>
</opencv_storage>
