<?xml version="1.0"?>
<opencv_storage>
<R_matrix type_id="opencv-matrix">
  <rows>3</rows>
  <cols>3</cols>
  <dt>d</dt>
  <data>
    9.9991933807356148e-01 -2.7057178371103873e-05
    -1.2701047769361771e-02 1.1365565641526136e-04
    9.9997675382471274e-01 6.8175430018234387e-03 1.2700568055101938e-02
    -6.8184366315927223e-03 9.9989609684855685e-01</data></R_matrix>
</opencv_storage>
