<?xml version="1.0"?>
<opencv_storage>
<T_matrix type_id="opencv-matrix">
  <rows>3</rows>
  <cols>1</cols>
  <dt>d</dt>
  <data>
    -4.2274620957265183e+00 3.4966895227287278e-03
    8.4188557237440009e-02</data></T_matrix>
</opencv_storage>
